16583877417
16583877427
16583877433
16583877439
16583877441
16583877445
16583877450
16583877451
16583877452
16583877476
16583877495
16583877498
16583891902
16583891912
16583891917
16583891918
16583891919
16583891925
16583891928
16583891931
16583891940
16583891944
16583891958
16583891963
16583891970
16583891981
16583891985
16583891994
16584113400
16584113414
16584113420
16583868382
16583868390
16583868392
16583877405
16583877413
16583877417
16583877427
16583877433
16583877439
16583877441
16583877445
16583877450
16583877451
16583877452
16583877476
16583877495
16583877498
16583891902
16583891912
16583891917
16583891918
16583891919
16583891925
16583891928
16583891931
16583891940
16583891944
16583891958
16583891963
16583891970
16583891981
16583891985
16583891994
16584113400
16584113414
16584113420
16583868382
16583868390
16583868392
16583877405
16583877413
16583877417
16583877427
16583877433
16583877439
16583877441
16583877445
16583877450
16583877451
16583877452
16583877476
16583877495
16583877498
16583891902
16583891912
16583891917
16583891918
16583891919
16583891925
16583891928
16583891931
16583891940
16583891944
16583891958
16583891963
16583891970
16583891981
16583891985
16583891994
16584113400
16584113414
16584113420
16583868382
16583868390
16583868392
16583877405
16583877413
16583877417
16583877427
16583877433
16583877439
16583877441
16583877445
16583877450
16583877451
16583877452
16583877476
16583877495
16583877498
16583891902
16583891912
16583891917
16583891918
16583891919
16583891925
16583891928
16583891931
16583891940
16583891944
16583891958
16583891963
16583891970
16583891981
16583891985
16583891994
16584113400
16584113414
16584113420
16583868382
16583868390
16583868392
16583877405
16583877413
16583877417
16583877427
16583877433
16583877439
16583877441
16583877445
16583877450
16583877451
16583877452
16583877476
16583877495
16583877498
16583891902
16583891912
16583891917
16583891918
16583891919
16583891925
16583891928
16583891931
16583891940
16583891944
16583891958
16583891963
16583891970
16583891981
16583891985
16583891994
16584113400
16584113414
16584113420
16583868382
16583868390
16583868392
16583877405
16583877413
16583877417
16583877427
16583877433
16583877439
16583877441
16583877445
16583877450
16583877451
16583877452
16583877476
16583877495
16583877498
16583891902
16583891912
16583891917
16583891918
16583891919
16583891925
16583891928
16583891931
16583891940
16583891944
16583891958
16583891963
16583891970
16583891981
16583891985
16583891994
16584113400
16584113414
16584113420
16583868382
16583868390
16583868392
16583877405
16583877413
16583877417
16583877427
16583877433
16583877439
16583877441
16583877445
16583877450
16583877451
16583877452
16583877476
16583877495
16583877498
16583891902
16583891912
16583891917
16583891918
16583891919
16583891925
16583891928
16583891931
16583891940
16583891944
16583891958
16583891963
16583891970
16583891981
16583891985
16583891994
16584113400
16584113414
16584113420
16583868382
16583868390
16583868392
16583877405
16583877413
16583877417
16583877427
16583877433
16583877439
16583877441
16583877445
16583877450
16583877451
16583877452
16583877476
16583877495
16583877498
16583891902
16583891912
16583891917
16583891918
16583891919
16583891925
16583891928
16583891931
16583891940
16583891944
16583891958
16583891963
16583891970
16583891981
16583891985
16583891994
16584113400
16584113414
16584113420
16583868382
16583868390
16583868392
16583877405
16583877413
16583877417
16583877427
16583877433
16583877439
16583877441
16583877445
16583877450
16583877451
16583877452
16583877476
16583877495
16583877498
16583891902
16583891912
16583891917
16583891918
16583891919
16583891925
16583891928
16583891931
16583891940
16583891944
16583891958
16583891963
16583891970
16583891981
16583891985
16583891994
16584113400
16584113414
16584113420
16583868382
16583868390
16583868392
16583877405
16583877413
16583877417
16583877427
16583877433
16583877439
16583877441
16583877445
16583877450
16583877451
16583877452
16583877476
16583877495
16583877498
16583891902
16583891912
16583891917
16583891918
16583891919
16583891925
16583891928
16583891931
16583891940
16583891944
16583891958
16583891963
16583891970
16583891981
16583891985
16583891994
16584113400
16584113414
16584113420
16583868382
16583868390
16583868392
16583877405
16583877413
16583877417
16583877427
16583877433
16583877439
16583877441
16583877445
16583877450
16583877451
16583877452
16583877476
16583877495
16583877498
16583891902
16583891912
16583891917
16583891918
16583891919
16583891925
16583891928
16583891931
16583891940
16583891944
16583891958
16583891963
16583891970
16583891981
16583891985
16583891994
16584113400
16584113414
16584113420
16583868382
16583868390
16583868392
16583877405
16583877413
16583877417
16583877427
16583877433
16583877439
16583877441
16583877445
16583877450
16583877451
16583877452
16583877476
16583877495
16583877498
16583891902
16583891912
16583891917
16583891918
16583891919
16583891925
16583891928
16583891931
16583891940
16583891944
16583891958
16583891963
16583891970
16583891981
16583891985
16583891994
16584113400
16584113414
16584113420
